eye 0 0 15
look 0 0 0
up 0 1 0
d 23
bounds -4 -4 4 4
res 256 256
recursionLevel 20
ambient .2 .2 .2
light -17 0 -10		1	1 1 1
light -17 -17 -10		1	1 1 1
light  0 0 -8		1	.5 .5 .5
light  0 0 -12		1	.5 .5 .5
light  23 23 -10		1	1 1 1
light  23 0 -10		1	1 1 1

sphere  1.7 2.5 -10		.75		0 0 0	0 .3 0		0 .2 0	.95 .95 1	.2 .2 .2	1.2
sphere  1.15 1.15 -10	.5		0 0 0	0 .3 0		0 .2 0	1 .95 .95	.2 .2 .2	1.3
sphere  0 0 -10			1		0 0 0	0 .3 0		0 .2 0	.95 1 .95	.2 .2 .2	1.5
sphere  -1.15 -1.15 -10	.5		0 0 0	0 .3 0		0 .2 0	1 .95 .95	.2 .2 .2	1.3
sphere  -1.7 -2.5 -10	.75		0 0 0	0 .3 0		0 .2 0	.95 .95 1 	.2 .2 .2	1.2

sphere  3 .5 -10		1	.1 .1 .1	.8 .1 .1	.2 .2 .2	.85 1 .85
sphere  -3 -.5 -10		1	.1 .1 .1	.8 .1 .1	.2 .2 .2	.85 1 .85

sphere  -.5 3 -10		.5	.1 .1 .1	.2 .3 1	.2 .2 .2	.85 1 .85
sphere  .5 -3 -10		.5	.1 .1 .1	.2 .3 1	.2 .2 .2	.85 1 .85

sphere  -2.25 1.5 -10	.75	.1 .1 .1	.8 .4 .8	.2 .2 .2	.85 1 .85
sphere  2.25 -1.5 -10	.75	.1 .1 .1	.8 .4 .8	.2 .2 .2	.85 1 .85

model 1 0 0 0 		100 	4 -4 -13 tri1.obj
model 0 0 1 180 	100 	-20 20 -7 tri1.obj
